Bundler,Submission Latency (ms),On-Chain Latency (ms),Total Latency (ms),Tx Hash
biconomy,1460,1331,2791,0xb24e02e26d4192219ef7e240f2cf915cb57b49f934ea8648bde2c5d864d81d5e
biconomy,1186,1715,2901,0x97b8740087c827f6bac97612100e05d1b630703e613a117b20505a78edf45022
biconomy,1039,2234,3273,0xe99e4dd49726f7cdc018add33830bd1cbeecc9d9dd83762f91591409a7724754
biconomy,1048,813,1861,0x18bcb16cf3426ae2c68fe30609b3eece6dfea4b6ec1d3136e889fdae34661a96
biconomy,1143,1270,2413,0x36b2c68da817fb217e8183638f890cd6a6ff140de7a14b89e4693bcdd9b5ec19
biconomy,1000,1917,2917,0xcf902b87b75e2697e0d87d421d4446352042bcde0c6100fb5a5b466d4e0341f6
biconomy,949,2550,3499,0x0efa7818fd890ada817a59eb789703722732c91bf8341d9402456e290ea48c73
biconomy,1048,992,2040,0x0dad0098702fd959876513e4c0dcbf9f500735cc275feeaec87791dc965619d0
biconomy,1056,1538,2594,0xe07b6cc3eb76df1cef096ae9f33b3c9d08d09408c6e174bf410feba775935577
biconomy,956,2174,3130,0xcd7b24f25f6e866ac5b18e010141bc499a41f5687366dbc62702b1477fdf2570
biconomy,993,2782,3775,0x7e40edacc7523333b812e6fd042bf2390523c64b6f4c8b6243ed837e71bb1664
biconomy,1141,1064,2205,0x253d8f07acbc08a97dc3d924bc62d8ddb8f5880f9ecf000cbf7135f397b6f9f6
biconomy,1035,1615,2650,0x2ef35196a3bf666db92495fcc5bc3ede5523f4d1e38b6d01358f366f6472ea94
biconomy,1205,2046,3251,0xe82ffff0ed9f86db4ed6e73b07ce15042c479a7bf8df73d23d6710b99a57eb15
biconomy,985,2654,3639,0xd60b71f62de38c0e6597ddce02042d6086b08434501956cf56f31574214680b3
biconomy,1485,2686,4171,0x7bbf4cf026de28fbed9624c21cd9b9395c1071c3d3e16a18293db1bd9cd8a1a4
biconomy,928,1268,2196,0x6515c3f41a5b1305f3dbdffadcbcba6c8358ecb606f5c9efe2d45360ef563568
biconomy,1068,1774,2842,0x344460b4ebb1aa983b7a72d1362e4956ff678d5e1fc2d26887475ecb33613289
biconomy,1051,2157,3208,0xcc4e249a533d79fb75b756d707e90ac69d1e8ab77e437b6b5f98c609de4fc8a4
biconomy,1200,2525,3725,0x0eaddef0e00b8600b24ffac763e6823884b1055da202caa465dbcb7bdfd7471b
biconomy,1178,2920,4098,0x95fd135a7c4cd19640282e10fc3b9506610206ed0785933e05c7f4159f48ba16
biconomy,1059,1319,2378,0x3379db539b82cd552f2d23e5c11071be5e56246002843b2c48a045fd8a3feef6
biconomy,1064,1827,2891,0x58d8a29ee7a16dfd0ab83023907155c1585f31ccd7ab183c70033c3722d85609
biconomy,1025,2441,3466,0xd8aebf8d3d44d10d9cbf2bbd71c23b99368ce45f53ab9a97825267a714496373
biconomy,956,985,1941,0xe10deb9331533e3b1eb39299e42516ab512dfd6516652b7533f918e35ee15f65
biconomy,948,1643,2591,0x31e81e223e2bbd7d6bdabedb84243cecb460631b79b72dc294a06e12cf1eaeaa
biconomy,1148,2099,3247,0x44d44cb66f0cc5ec92b411a783cb0f5bc18c910e9dc7151288c91079b19632b8
biconomy,1103,2641,3744,0x4aeab36bffba75bab985bbcf874ee61c52d9b133f01b92420f2862a11943ab5d
biconomy,1155,983,2138,0xb2ee9ae44a3c64bef61bb4acf2a3f8c010e9b931cb6b32cc060920b5596a42a4
biconomy,950,1674,2624,0x921657a08c19c624d929109a17961260ac7d51fd4dddcdb47f6c6f8f0d2655ea
biconomy,899,2350,3249,0x05fbc3cb59c9c2b5fe84aaddd9ff08a6bd0219cdfd3ec289e4d1afdb8026730b
biconomy,1335,2595,3930,0x4f587095442fc3f487926f46d318a8631ec9d6d473cb4230b45409bc8513fc8e
biconomy,969,1114,2083,0xd2170991d3c383a65b57d066fec5814e36ad5122f894184b0e8fe7a4b42f70f2
biconomy,1078,1590,2668,0xc7067e010373750175e931c70d6f71279884a5c3d51ade4de689d496df0f147f
biconomy,993,2172,3165,0xa485b501ccad23cb88bd3cf1b770bb317075634114241ae6eb0db59b28a9e3d6
biconomy,1059,2705,3764,0x84256a1849721e653165df2d7d0b65fa8e03bb160afb5bd97ece0009280b4abf
biconomy,1287,871,2158,0x869e7e5e79f5e28d4abfda39068a6502c6bea18c65be7f9590e9b240cf2c0e58
biconomy,921,1554,2475,0x6b9c1ac774848a3346c16c6838cef5cad184207d0eadf87bf6aefdfefc2b9257
biconomy,1406,1709,3115,0x66089813bb8ec389627b33c5e1e7234740bbc2355cad61cf6dece8f5ac0ec439
biconomy,1725,1567,3292,0x844e7e5368741355ab66daa9469833f6d248c9c4b2b8240fe1190e2b5daab2e3
biconomy,988,1750,2738,0x4c6d3a850f3d5c3cf78ba8e6b8cf66eb9f29f007dc2c3e53823c9c5c23b0fc0f
biconomy,1241,2111,3352,0xabf666967f9ca15ace80c69fd2a093e64cf04a27f260cf8e82ef5a9fd9d8fe83
biconomy,976,2752,3728,0xc53b021e988e242975e864fe3dacb451be9ae3773358239fbe0dac78d7a880b9
biconomy,2151,2062,4213,0x55853e04d2f48df7a3465aaf46c9cc64aa574357c540a538245ab0db42a0be33
biconomy,1035,2616,3651,0x5e86be05fc18529b81d99f49866f8cd92da18b9cbd0d843120f2b9da0683f854
biconomy,1053,991,2044,0xf8f97591e205e1c1460bbaa9bfb7eb732e3fadf9ee3d9d94e4363a79af577d1f
biconomy,1063,1519,2582,0xcddba85f8760641812a26482a7d1f7f1494441e5146548e5baca5e93bbd1ea3b
biconomy,1472,1622,3094,0x19c3f664633fae1703ba08ac8d13e7e4ebbd049332d3165ccf94c304b9163180
biconomy,964,2271,3235,0x0d1af66aa1e205eacea916b3f658b3233d4deec11ec730bdd1c474845d5a7554
biconomy,1026,819,1845,0x791d1d3640eb80c5dbaa30fc5fadcb75175fdf691f73f7b245dc96fee6931386
biconomy,939,1439,2378,0xc6fbc4cea464218ff52d4521d7e2a852137ba9ef260fc40ee943f08dcdca4b0d
biconomy,1020,2027,3047,0x3fea1afcc58fcae376a57c15d11da14784c1fe9914cd367e4f52ee543c19ede3
biconomy,1085,2516,3601,0x771a6fc54fca6ef19d93255248b037dc0405434c06fce78222d69da31ff1a3f9
biconomy,1139,942,2081,0x0c40307809d90c9ec963a9ccdd43dfc46ac5f253cb8df8e3b5c3523f8bd78c65
biconomy,1118,1368,2486,0xc57559d5eafcbaaa36738ab7f05bbf918de30d316e3867b48443ff97376c6b1c
biconomy,1059,1915,2974,0x3fda44a3e12529b5abcca68aedc1163c7b66c54c372c3424542f946ba32d271d
biconomy,1036,2489,3525,0x3517dfd63530f6485b472871cea8ea31b38031413b63ba5474c742cfa0ae49b3
biconomy,1128,925,2053,0x70d1394b130d92042ab8f25750a09f5cdb3936dd4a29b9a32709620eb08f2ddb
biconomy,1848,2696,4544,0x97fe6add784abfc264a3a13105c811cdd525945f1b0369f8280f4b9668ce1828
biconomy,1037,1158,2195,0x98851af83325fd39b45564ac62991587bde7997066a3ce6828410a3a4ac99c4f
biconomy,1171,1589,2760,0x46f87a4c5ee1d39629a9bc4b748252d0daf6fd5257ca98de573a2aceae58e87c
biconomy,979,2159,3138,0xc245b7f662836653045c8199b8ec68800c43848378c9471ce7e125722ca906bf
biconomy,1126,2585,3711,0x32578f1097865442e6dd1e2f149295ef4a39fc0af93b5ad249fc69fae123b72a
biconomy,994,824,1818,0x528584d4978cd4f662860d0fbc941a4192a3af41243eccea4f20c2cd759194b5
biconomy,1008,1428,2436,0xf8a199f5473083fcabd36751b69d4bf8ac4825072421b2e772540309167de75e
biconomy,934,2139,3073,0xe868a9a57bc183c134a1c4341a882b2a760adfad6a708007ea44770e40baa3ee
biconomy,1131,2600,3731,0xe41560e2258f74fb400c2e72f9b27d1e265d3ca8f905154543612ced30228860
biconomy,998,3183,4181,0xf67b01bc3dc87165fbd1c5f7110d7ab8db40281179611172995c8b6f127ec15d
biconomy,1076,1624,2700,0x21a2bf505017eb5519fdfd3abe2a62f219a285e27489765d7873cc17be96a969
biconomy,928,2316,3244,0x6a0c528d4cce0a8ba96539b3e0a9f914fd5c8dd29a5b62b7249a59aadd9b6fce
biconomy,1000,905,1905,0x647871fd09bebfed94cacdebc70080b5fbdd0158ac54a2c86e560fced6a4d2b3
biconomy,948,1568,2516,0xdc06af000d38d8241cf921bf85b853b65d6a6bf0003c07951642c5c903503acc
biconomy,1028,2129,3157,0xb1d996ab68481fae3ab6b7bce99a84cfd43c31bc9674951cf3b9b8d12471dac7
biconomy,1179,2590,3769,0x20a247f7dcf4fc167fc9bb94fe598711c83a591f826bb5b215a7d05dbf6611e0
biconomy,1163,863,2026,0x4fe533bdd266ef3799d83162283fc923f7bd6a5e9bb3e38dd68f1683ebdf8eaa
biconomy,1065,1333,2398,0xeb43473a178dbf71277dc793deb56e2d8ec8834db1390195c6d800a02d08739b
biconomy,1001,1970,2971,0xa69c7ccd57e77141e477504ae5dd7d3c34900fa3dc13f151401de5242a22eb9e
biconomy,1127,2373,3500,0x9783c6bcb0c3d5895bcc76767af240bf9da80cc10961d4748d4466ac0f14b42e
biconomy,1144,847,1991,0x595a6cc2673aa9f69f0203b24e704ac4e35e7ec872cda73f5e6bfc514c88ec8c
biconomy,956,1501,2457,0x6bca02338397612bffb6a5ce66a6213fe116eeff2f1c04157fe21992d9e7358a
biconomy,1029,2070,3099,0x70ed01505ac3b11f15e6929c65ebb1e8fa93a9a565392aca0293a11734ddaafb
biconomy,1013,2686,3699,0xf101b947f4bdfc752568873f1095bf8db208206dda3dd79e28a7af272f2dc35b
biconomy,1065,1111,2176,0xcdaa8779a202097169b31fad65f6c39e0078e36c37eb9c591def74587480daf8
biconomy,1033,1694,2727,0x37fe1a85782c6237c16a1f9277a40135e8aac3c53ae3e2261b801c3825819918
biconomy,965,2319,3284,0x3d7578a007911c9db70ac604fa7e43706b6cebea80e7a49628a01b0a38db7e3b
biconomy,1115,2819,3934,0xa11f9db522b1378c034ec5e3698b6047db7dae6aef51374b9cd2f6c0a520eb2e
biconomy,1226,1033,2259,0xcc7e905188f9622466df82bea34028c498a1f833173cebfdf972607d07476604
biconomy,962,1676,2638,0x1b7829f65186c6ac03a393152e7d9f9d2d918f653bccda62f00c065e6f70d3af
biconomy,1150,2139,3289,0x74972c7e9dc47cf6999ca338874dfb4d4394e626345c270626fd195be973a0a1
biconomy,1118,2647,3765,0x6da2e283d9b8a08db414301c838edea0936a09409879f86989dc90b58bbac720
biconomy,1042,1111,2153,0x83aa4f113e91437fd698463e8df358682d338a514eea4708225cf89bb89159cf
biconomy,926,1749,2675,0x9fc1a1a2fbde2c7eedd47c7eeaaea6ee9c1f7873add14512d4f13208747cc846
biconomy,991,2378,3369,0x74ebdb648b988a0fbcb55e6dc4e8941a7d25eeeb93a55f69947ec401db30c56d
biconomy,964,1004,1968,0xc93c6228488c43147370beca22728d49c0669d2434de84c3cea3ef7aae11ae94
biconomy,1421,1199,2620,0xc40068623d08d403937f4287287e2523bcbccf72e468ffc70eab5e427c25d862
biconomy,1040,1784,2824,0xe520a4480d20762d926b7b1af48a7972de117a6b2ea2be00a3116afa89d0eea0
biconomy,965,2410,3375,0x32c4bc3ba814db6a4aec82c6f2f7c90761902d16b541c8c9c75b88ac169f79f0
biconomy,1110,921,2031,0x4339e33540ca6e36bbe7cc54c036998ce3dca3a0b613579c8a4569b5ffbb554a
biconomy,1012,1563,2575,0x4b5f6191801e56346c800910c78f6462ae11e347dcfda78bc601484bacdac640
biconomy,1143,2025,3168,0xc10a3ffe531fc29d60c5049cbd537fab972d7b29be1a8c0294620dc6066064f1
alchemy,958,4699,5657,0x659a5089f2a9bc1d8a7eb283ca8407952248c90542a130c32148283a6109f476
alchemy,944,2965,3909,0xfccfb33f77d6cedd933f2a004329b477ebd114ad89b5c15de0368f113fdde9a5
alchemy,904,1324,2228,0x75fa9ddb379c484fe3f10cb6cef9304d7f166f0086bf50efe89b410065b4785a
alchemy,1003,1796,2799,0xc755bb59bb40fba7a44a128fe7a4a75ff626c22afdbfae8c0ecd6241aa43ade1
alchemy,996,2239,3235,0x1bd02e0eecbc0d3887bc65a2e9440c92bbc78dc54a4887e6ac8b28ca0fc61ea4
alchemy,1039,2642,3681,0xc8fd6fff4d120585e8737606ace4130cc457212d1097a780ab8ffc83ec79aaa5
alchemy,1316,2805,4121,0x8820152daa79fc7c7ef379b4f5bc643f69df0170820665935b8ac46a74e7f290
alchemy,986,993,1979,0x344505527365ffcb1e59ba0ea673910c347a510527fde8d1d00aaf202a6adb94
alchemy,1049,5188,6237,0xae51555735278a9034b7bd580911c6d1345e961a2cc818a25e345db1544a0332
alchemy,977,3222,4199,0xe88606764e083c5bda4d589fd44b4a32ec9d0b235fec88b693a1769b30a3f1f4
alchemy,1027,1643,2670,0x1e281925801ddfab651cfe954603055359029e3b8f6996d0661f1f9ffc1eaa6d
alchemy,1011,4039,5050,0x8f35970fc69d36587c9c4daa7f3d6cc12dd58b986b2eaa23b4d669238a05c451
alchemy,943,4358,5301,0xdddf4369ba240d2148c37ebcfee9b61d37ee75cba1ee0681e0ec62c89870e5b4
alchemy,967,2657,3624,0x9a03e5f308d32aa9acd95da382fe7412c8efa57932806979c1c4f1c4fc04ca8b
alchemy,911,3107,4018,0x374f6e1e968126c914bf3ca2e95ab6b706e27b482196884bfa0f42b31fb782ad
alchemy,979,5506,6485,0xaa501b90d14ac6384a7fd27cbe75acadc00dc44b20ce6998aa00019c51a02265
alchemy,958,3763,4721,0x9fc6626af1c8dd123ddc8fc415cbf5d1a6a291c604479b0ce85057d5921c1859
alchemy,862,4139,5001,0x2fab424517c562fc55ab7791c504873f5840a9fa2836d7aefd42a33e7fd8f334
alchemy,1020,2190,3210,0xdb641115d324ef6addf2dbb6357840f3d5f9dc5c41843980d2a1eca6140cff30
alchemy,1074,2499,3573,0x1eb25b44a8c6a58f4c7dabbcb9c7f9b55d1b9162a00b94c4c676908925e59433
alchemy,950,2805,3755,0x11a9b73d7820cdc8f431bf55a070a63bc453c4e02383c56db7b395e9212a037d
alchemy,821,3420,4241,0xbe0ca448a26108381ce595005c7892d531ce0f84278013a4c88a8a19b83d810d
alchemy,866,5872,6738,0xb65bb162d36e5336c787f1c18dbdd5771f93a660d0a46d7a677d8953d00f04bc
alchemy,928,2094,3022,0x64f682cbb38d74272d9ce12abea56f25728f8c87a16cdd672077ebd9630c64c0
alchemy,1091,6506,7597,0x5c5071d7e8bc43e4af32bfb596a628113c36369b0d37ea4118e09ab57d6b37fb
alchemy,1117,4572,5689,0xadcf926c0004e1ea6b71dd62c9743e240498a41081d25257e00e2d7a1f247823
alchemy,1041,4755,5796,0xcd0add425f0e93f9171a2ca7f1da4f56363ec892ed82cca3f1bc5099779c14c9
alchemy,987,1042,2029,0xa7388e6f5024c93cc24ea870b82e9d09a48324c7d93e7087e35c2fb0e30fb630
alchemy,1266,1026,2292,0x316680feee55a032dc4658b8a3dfd4c58eaac65db451b268dde6304805e4f974
alchemy,961,1198,2159,0x3c0797b7bba2a2fc12d969f8623ddb0e544aff3aad260c7058a5902d4951c277
alchemy,963,3590,4553,0x47e4a2cb539a17d4022007a7f44fbcb555ab4a3ee76072293a32642d8d15aa88
alchemy,986,1672,2658,0xd2324b38cce7e29517a0da0b52ae8976e2f1aa946351016ab3785ed7b3e14e3d
alchemy,954,2265,3219,0x3848bb919b3c1f6908131ee12c64d19849175356a64014a12a392831ca248c7a
alchemy,1070,2513,3583,0x12d220bca97b818e7c2af372a65decf8f901b1f3908be0aecd9a497cc32dd3a0
alchemy,850,1120,1970,0xed7d4ce585359047f4e9478c83eb76229f160161926cdccd6d044dcad69293d7
alchemy,960,1658,2618,0xd4541aa1eec01f0adef7b724f062c6baa341307cff9284e4f9b26d06bb1f19fb
alchemy,1038,4082,5120,0x60142276414e18007fe5d44c29a92c82973318671b4eb416479c84532c048ee3
alchemy,1099,4208,5307,0xab52f316c9d40aaba2ec64b732eff28e8a6bfb100450d63ce2fedf88c0c15e39
alchemy,1038,4058,5096,0xcc680fedb549d45e88f5fd28d8f9a472e582fc3ee187abd813b8ac49a84bc018
alchemy,1034,2229,3263,0xf421e1ba18e59778c8e41f00ee3c7f0043174d1d2f464ed955adf7dd4d073b52
alchemy,982,2791,3773,0x0ad1a9d1d3a93408a27dda4351aae058c8ca8511e4e3d6b668008c42a4056119
alchemy,1055,3168,4223,0xdd2b91b1fc9c4f503d86e2d84dfb965d910d35cebe7cf485b08c9f7ae4562dd6
alchemy,928,3722,4650,0x49257676e952a6351c14d9e5f9940191a681cc89d037db74e7f7478797331cb9
alchemy,987,1909,2896,0x8c6c07872dc5f4a68107885db6c66ae5ec871e87389a8791227580f6a340d529
alchemy,878,2493,3371,0x8287f9cf2c3772285d3c551cf1c15c51e6e3b84d50b586f9f5f887a36191b525
alchemy,955,1005,1960,0xc94f8b78fd61db9361ee4eef244800730c23ecc6973bc5645796cc9b45303b49
alchemy,928,1499,2427,0xc2581b6a322bbddfcb077030f365585263a57c126c9bd7500b174f7f0439f172
alchemy,991,1830,2821,0x67f8ac13be1c66cbf44ce7736075c466706405bdb10f59d55a8620833c34141a
alchemy,886,2415,3301,0xd1bef20ac0a71933be2629bd4975abb48ecfb09059652d6b4b0cbb9e4e790649
alchemy,886,4951,5837,0xca7747d4030840e2fe49d3e143a9c64d0cb621b27e6e65268fa9cf4827c945a1
alchemy,954,1097,2051,0xf56716f89cdc01846534070f66a9cac9c6f1b28b4065c5172a1e6a53661318e1
alchemy,1007,1577,2584,0xc1531a33175ae2e268ba76e7bddc9f23826273afa02c5e54677af0aaca90920c
alchemy,948,2149,3097,0xd176d03af4fbb0c7768e6656a1b701d89e3cc4a5cd6ab25d214f3b31a893089c
alchemy,1012,2600,3612,0xf8ec4493a3b67625b7150802448b9ede09fa738b3db6ac4c0dd93d12b2e25eb5
alchemy,893,1139,2032,0x2f3d815e1db83053314df381735dd950637d64ca41deda34734619aa1b0bb864
alchemy,964,1678,2642,0xc29d2d8dd9c1dea10dc1fc51639a86e37fc2523fe7fb62ddfc62ab027d989dd0
alchemy,994,2030,3024,0x30f635e19c601b610563ed43a1a4357739c4391ef925d7c61e246e3c902694db
alchemy,1231,2166,3397,0xa71e5edcad47d4097972dcb0eb71c3877e84a49b3521871df6968da364c500c4
alchemy,948,2668,3616,0xab7bdb3b1b8f4272b63b446c53360e0542ff4d5e070989b40dc9016f34cca59c
alchemy,878,1255,2133,0xeb4353a786288fffeec26a6893aa02e10f5e16bfd84f4e9e8b55526fbb6c6698
alchemy,934,1722,2656,0xf71cd74300accbd28c75c583675eed49f824cf7668f7aea71b33976054248b1a
alchemy,950,3898,4848,0x75e02568fa9a0f6a02164c34002911cf675a6e99cac9c6d60ecbadc7d8b8e8d1
alchemy,863,2280,3143,0x6bcb00aa35b0d3062187a4bb1bf497556a4dbdd79fd5b62c96aa684f781c713e
alchemy,974,2715,3689,0xc0ec699a66c713bd6ca8b0b9036c9c10ad46fed505cd43fe2fa3f07065e75b54
alchemy,859,1238,2097,0x256a82cdb7228234dd1b349916ec7c0b4271d79f19219ad1b5c93004a7c841e3
alchemy,1073,1656,2729,0x7963783e78a11093881fb224c3fe6770621b74b05ed72219c9ebc0c518acb40b
alchemy,1193,1819,3012,0x08f81918e8a38ac1345b68fa539dea4966e2097c8556fad6428b41bc28043f65
alchemy,867,2244,3111,0x94d18ec71c1111f2d9ccfff727c1e38001bf4c885f4ea2d2f86d4d5fc2280ef2
alchemy,920,6453,7373,0xbaccf04c9337655ab4620863bc3d3be555a6e539553a923d9a3208ef686f7b20
alchemy,992,2728,3720,0x936464362bc3fd14a8a8bb417a943f1ba66f851095b8a3cd4783f9bb476da859
alchemy,1024,1195,2219,0x3214b4a69c2bce787aa754dace8b3210116334ca565c6a1590d100af02198936
alchemy,914,1759,2673,0x2501f3841126d1789acc239c30dfa19ff4f0fc58f571827cbd6000fcefc5d778
alchemy,1007,4248,5255,0x841f96df235ba74fd0e887bc919ed29fd8a7b2c0ae301b44eb1981a31c6655a3
alchemy,1147,2311,3458,0xe273d20243d632cfff4df89ea9fb5bb3d26cfbd9c6a52d372958d33df968812b
alchemy,1034,2630,3664,0x8cb21eea7edbe8848b4363d2cc5b5c952510361da3a8dfdc08b6aea75b93c199
alchemy,1016,3013,4029,0x9f46d963ee679999a2e24270f7a8ae352486aaca39c0d8559ed16c0e090c374b
alchemy,1070,5311,6381,0x30935ca999def3c7c1d37fcf7029c711fd58a4aff0ee1bcf8d7bd83999dcde14
alchemy,850,1766,2616,0xb5d192b06af23325502eafbcd8b01b79e8704e2d2af642bb8356eea4ad59d907
alchemy,1138,2134,3272,0x6d46df54b889c56b6d82adaaeeae690149c2995e130a39e9265b83e970ce7894
alchemy,884,2686,3570,0x49fc499cee0cd4a06b57aa9af60defe551ace39ad1c4fd9e448e94806533c6e8
alchemy,1062,1096,2158,0xe75fd70146640b9d2a820c06abf56c1f88bc6291face29c7ab68e503357495e8
alchemy,1014,3576,4590,0x27655f856f22966f3a5c468ff148ed4dd076f75ba7f0858a8a0c8ca887ad0902
alchemy,1102,3725,4827,0x286624a4075c3aaf2e96660d82bc26a197edc187cdbebe09995467ef613bc007
alchemy,1073,1905,2978,0xb2730429810c14d0ab705957a3caa575f24b117d1dc128d6a7152bc31133777b
alchemy,1101,2271,3372,0x0844892c1e4ece75e805f01dcecc6294dc4c2996b3c0b75a31d91e9742f3e536
alchemy,1038,2474,3512,0x7fbd4552b9b50b46276db0f0d0c9a8e8970aeb9917cbbb69e67d61b5f789ccb3
alchemy,1008,4805,5813,0x35b0cc1ed381f2dc44ac4efcd5cbc1b4094b22f9b6427a17bd790f6a95c12bbb
alchemy,962,1064,2026,0xf1471cd2012c3f93de443d4e80566f8d969dd678ed23f77e7edb8792f32c65e8
alchemy,1069,1240,2309,0x1baa78525024de87efa548583d3c07d133844d44ede901f64e947eaf5043bc86
alchemy,926,1778,2704,0x00080abb61860a2038a5561b5effc5dd3ac17640af910be072029c5cb0e67cb1
alchemy,1049,2199,3248,0xf0f795d68703b27d670418e304924c5bb35529a0020cc638aa358b41b1cfd6f1
alchemy,1045,2651,3696,0x291d4b76acd8f7a0f714e94a4bb7c914299cb0a7a5e1b9a25cdfbf7b6ee407f4
alchemy,1076,4815,5891,0xa1c3da9202d321c36c51f6ba50d2ab389bc6b182180ac2b4c21371a75d0f3cfd
alchemy,1051,2946,3997,0xa5c98a2884804ebbb7a264c88731b987e25e5d470f219b53c5e3352a3616eb2c
alchemy,1032,1372,2404,0xd656e89c6444bd50b5d528810f4ca2bd3e5462a78693f6eda9deeb957ebd2288
alchemy,1017,1822,2839,0x3434d15dc2195ab0f0a60ea318d3fb3dcdf42419d0260fd3b8df60a8b819dba2
alchemy,927,2389,3316,0x324f93928b7f9378af8f0d13ee61cc5763ecf45860801f208bd85edf05ab1b22
alchemy,847,1004,1851,0xff4ab3af8eb82ec37dca444cf841a3553492b62b9c7daf4f4bad70e548ac8bd8
alchemy,1010,1460,2470,0x108e6f3fdf6b3a715a59ea79bb4223d42d708854942b5e4142f47a74ecf29220
alchemy,920,2010,2930,0x8462fed7227b1c05d3f5564b38e66265ebeee0d812d9395661c4e83934e7c409
pimlico,890,2615,3505,0x2f37ec6ed6294aa24a3e6fe0a06178014ed9a1019048bee15e5ff6f0544896a4
pimlico,1203,2685,3888,0xa248bb8634a02fa2b0d5f2054092039c7d68bd5ca853f7946da871d39b58d118
pimlico,767,3307,4074,0xb466f60e7ac051086770c06bbb66bf2f72cbe205cde1c81d00b64642035ee8b9
pimlico,782,1815,2597,0x8ce33a9c938077dc74333436e7de5d244ce049428d0244a4080aae99c41dd5fa
pimlico,690,2542,3232,0x079bc3870bfe7ab5b4981fb0ed95444b033304f3e80f3b4ccc219e1d8eed3da0
pimlico,851,3022,3873,0x2594f1a6b0766ea47906ff2cb2f065dd573e8c71fdf7410d25b3a48610214b38
pimlico,808,1491,2299,0x3b0aedb6a607dde665601e17984470a5f94c36e2bc8047d807b93d2f9ffbed2a
pimlico,723,4093,4816,0x8b166024ea8241f72292012dc790ca6da7b837c68e6141d06e2784aed1266de0
pimlico,652,2535,3187,0x51ec6fcfc161fc5f7815a9bd814f3b5f6af6ebcbad9891d2a56d30d9058aace4
pimlico,742,3084,3826,0x49dbce980c1599e1571c43e776d29347f254d0c2fc6e1ad6e038ecf32aa8b247
pimlico,635,1869,2504,0x1e26d47e4d7c753bcc191a9b2b04a15b89a22c911c854972b6b824db8d6b3a96
pimlico,829,2216,3045,0x0e957ae5ee0254b9a419fd970884af68aeb8c97ace2a605331d08577630059f2
pimlico,809,2730,3539,0xfeefb3bce0dcd65796c370886634d3dfa2d5b998487e7e2c8fe5808107951549
pimlico,788,3219,4007,0x2e5c18c73511ce46cbc910de80514e8881dd9f10e8e746e05f554dca133a07b4
pimlico,656,1907,2563,0xbfd74757468edcd58678c9590395985ee97682020273da7cbea4c368c1425acc
pimlico,609,2680,3289,0x55384958ddf082b5851c46ebe17714f8d50dc345afc28c8aa0c5b72b69ddbb01
pimlico,818,3163,3981,0x1a287d95dc99d03f817bf3841d6c1c1b456117da814f00b00cc711fb20288d03
pimlico,704,3768,4472,0xd21bd449763078076ea1f75672d333b803a885762d442176ed96598bc28f841f
pimlico,764,2133,2897,0x66dfa79653cdc677de4cf9cb0945fa20e45402e6247e5a30ac3ff1e24b926a74
pimlico,634,2790,3424,0xfdc6ae78c9d4d713a6f37f6792c3828d682d48a73666830ad1e4ac409c5e5aac
pimlico,726,3241,3967,0xdd60349e8bea95e6fee0d269e28fe60fcb47e4457e5382a409c5bbb8d45d27fd
pimlico,615,3840,4455,0x18df0d4d5e9686eab87676c544a8a6610c417837ca77ba47c226b006022075ec
pimlico,714,2185,2899,0x2e050e134d8f4da3c660d175f8e444211c431cbeaf0831bb362fa33ec0acdd2e
pimlico,777,2766,3543,0x7f194024dcf7c91d7ef7891049afc0960dea55fe1a078660152f5eb2ea507dcb
pimlico,781,3222,4003,0x4cdc28719d82050527a4e20ad63932e829e255c36e527a8f97986edb54b3fe28
pimlico,767,1698,2465,0xb7692a8b8ff632e51657b04413091f98bfaebadc814ecb0f0da80301048c4c45
pimlico,823,2234,3057,0xb7ae8ec390406fd6e115f25ed3a6c4dd9b931a65169143716e14b82551cf101a
pimlico,687,2755,3442,0xe19f4d5e8f9ba71d652bed2a601658fc331eb20de5da49097a71b74c6d5b2189
pimlico,749,3220,3969,0xc244ed3fef70b6d3986ef876e5487cdb0aa6ceff8ed0db1430c4beac1a256974
pimlico,826,1564,2390,0x1e9191c53d6aab5740d530aab8d19d443434206fe750b16a73e4cdcc446d9da8
pimlico,742,2128,2870,0x22c7a9f55c1d57ea8c25e90eed976f9372fb6b1d1aa0c5200a56d4c0512fe49d
pimlico,671,2807,3478,0xd7a91827faa0cb9be4855557768757d858ce30e45436d0398c2a905112b1ddb4
pimlico,760,3321,4081,0x53177afc184dc109edc11f5fb2f64d26ec1320202a049fc2da61ab19fc69c2ad
pimlico,643,3885,4528,0x0979a8a54ccbf247fc72bbf1e9f762b5cf70189aa961d881279586de7b232d66
pimlico,622,2477,3099,0x7be859200ccfd72b98221db0585dea37b190c095aed5a397404d55f79186555d
pimlico,742,2858,3600,0x6587a7fb4ec1fa1fa4ccd6444d7ad3730ec7afb0dde091c3fdcc0faa27febbe4
pimlico,680,1475,2155,0xb1b5f7040c7a467355565fce4206c011d2fe8508756a2ee760b7920e5f82d4d7
pimlico,769,2006,2775,0xd3e650630822237e42c4e2c542ed4317a456c660747d4efa45e9e279f99282ed
pimlico,745,2549,3294,0x0bc3f1c5a9d385b6938b740f3ac568e92db38121192ee50827ea879eab5bf5c5
pimlico,733,3225,3958,0x1f2527043c34ed4e07acd938b7f05656fa0bc079426bdcfaf29d63625e763a93
pimlico,1044,3473,4517,0x16b9ba998336ade8957e264aba5298ef616e8dd6f4fe0c08050bedf5c7f6003e
pimlico,1057,3536,4593,0x84cf33c8ca8adee37f3c7b4a0c06b03e01056a95bce3931b258f9dee271b39de
pimlico,622,1976,2598,0x4292d0921cb548400ffb0b0cc5349faa2bc2fd3538d2aa4a526864fca27c2bbe
pimlico,679,2696,3375,0x6ee2f421da2e63ff2091bb9062bd31e5cbb8983eb08b1187ef4e9d1f4b60c37c
pimlico,677,3277,3954,0x22fa4a9bf357e0ba1dade80ee850d80672be1a096fa0d423cec86b6bf8230cbb
pimlico,667,1886,2553,0xbaccd444352df4192e169d9f79522ca749830cb2396205dcd764fee555ee17e0
pimlico,741,2422,3163,0x156d4c72f55861d2c0d69ce21a259b3ad96d4ca53530fe41a0fc5ef088367223
pimlico,722,2927,3649,0xd2fa430adede95b34385476eae5a5e5b7c9d658401dcd7d8d2500a74f91c2f48
pimlico,795,1455,2250,0x24076ed12bc1a531ff3d912d2878774e6ecd909fc0d276061888afbfd4a3b6c7
pimlico,725,1902,2627,0x12a4a3b7417115cdeaf029c33713dd8ccf6c4dc87c9c62ba9f197fa67f511f23
pimlico,688,2562,3250,0xdf9406314661d34ecc3eb1ea8c8a1c5c65a7b3d9f789fef09acedee79a37bc7f
pimlico,985,2826,3811,0xd9f3a32d0dfbf6c1fb68ea440ebf5a805197eaab63cc637589d97ce268555d80
pimlico,721,3238,3959,0x62a810782c217f64a46663c85dcd71224cdcc91ab6cd672c54efd06c130a6fdc
pimlico,667,1824,2491,0x888e6c1b330b785e86797dad1109b2c4a425381be2f14e6fb2b2360fca52c49d
pimlico,673,4520,5193,0x1a605c25be16cefeb6ed9e413b8a37b82474be966e575de6fffcbf76bffcaf89
pimlico,667,2855,3522,0x01234b0912d527fdfc13122426457f7924905db82184088d2be231b3e2ce3890
pimlico,750,3237,3987,0x52096397a2d52946a9078924557cb0aa4db8797558188f0d0722721a8409bc18
pimlico,610,1783,2393,0xdb392aa56098e33e9e7e1fc8a2b9e03b83e4e968e703ccd6f0ff29ff692c05a9
pimlico,683,2487,3170,0xd7eafea4c21b7159df4232d7f5b1196cddedba7c22a8351734ce2e917bfcb277
pimlico,662,3179,3841,0x4c5edb6e0755742ddf21b099fc29553b56c96875526af2c04acd76a0df8be8aa
pimlico,720,3642,4362,0x72719a6ecb7737ed95d4ea026a5d377f6e003990f9eda406481883d4f0afad3c
pimlico,650,2103,2753,0x9c368a58924a270b7b2e986e57ca109fe05619cdac9b52affcc09335b4ee6842
pimlico,680,2858,3538,0x80107f752789a6a07a102393bb592ac55273ba87adc4d6e3919196e178df50ca
pimlico,683,3571,4254,0x7c19e82dc9679def059a8bf9a3e5af795e5946347c046260dbfed26f98e56f69
pimlico,758,3997,4755,0x1b14502af49048c603f82a276d1493f4f8d5c566135563c6e24977ba195b96b0
pimlico,666,2503,3169,0x3db0b08cf1c4030b8fba91f5c0631dbe04b4990b5582f9216a229f6d64a77e14
pimlico,719,3047,3766,0x837edab6585bd4b64d7476b91e0de9fd7a33716b71f6e924e055457f827a145c
pimlico,618,1747,2365,0x83730b73b69a6b9b864b8dcfdb936cf9c1ce6d7dc26e2ffcbcf3eca851bb1fe5
pimlico,729,2435,3164,0x5872820fa50eeeb581d2b741d45353c98f69e77b24af2ba9796b2148dc21c466
pimlico,607,3154,3761,0xabf2ba9985df50d4a9c48070158b5037d458c893a082addb9face9dbd6bb3f26
pimlico,704,3790,4494,0x5842d372b9f9a704181165da376f782345fe553ba4c54c838038b01b92e37faa
pimlico,704,1944,2648,0x4b72b44cf3b487f87aff8e3088e741558578911bd29e4d6b8dea2f2a7459ec43
pimlico,719,2489,3208,0x85f93cc5a199c8eb53ddc309b346c9329376d8b38c7cd6b19beeaeceeb1a8700
pimlico,681,3045,3726,0xc914ee76ff803b7d6da7920fe0a1104a9b1e89c5b375fcd0dfea5c50d261d8fd
pimlico,728,3417,4145,0x095aae4f6640bf3b40ac8aae4abadea565ba75ae0e1372f318977737672d99bb
pimlico,648,3759,4407,0x2692ae316702010dec357276a5b2fc040d0824ff83e0fb8c3188f9954cd14677
pimlico,624,2227,2851,0xcaaf198e6a72d10934ce53608e219bea2eba2713cc7470d033f42c1b369dab9d
pimlico,730,2875,3605,0x8f8c2893393de0e98ad862ac72e50769e53134e8bf0d5edb1aef6b79146d0cdd
pimlico,681,3487,4168,0x14381b7ebe61930a04bec8df96756e8928fedf7267158def0310381351d8ba88
pimlico,644,1912,2556,0xed6b8e5dbe4010fa325489ad96e26a73f318cd9c34eaa4139e3e0f53a77f008e
pimlico,719,2557,3276,0x1b508f61191d6bfc063872eeefb6675584d37ed71db7a2601663cf677464d360
pimlico,722,3036,3758,0x93cca72509c5d72bc79c84bd4532a73ffdf683819d3353eec10d75043088d553
pimlico,750,3432,4182,0x8bebebb706bcd187d07930639d24177f53026dff6fe9efbfc4cbf0334deaf941
pimlico,638,2084,2722,0xa6b458f5cf71000afb9fda10c9b8178c5122b11f9d0e729abaf00142c6b286ab
pimlico,672,2729,3401,0x7c6e06b5a9ac72dfa6dd70a21f28736d0ecf514c332e3182d3fbe768714fa838
pimlico,646,1363,2009,0xc2810adf3e6d08d2c2dbbc3d2a8801d3550a9fbfed4f55d2fb9ace5fb12ca369
pimlico,643,3660,4303,0x19d7d88a0e2c30f6dac4d814d8122ddb2da553bd298025736fed6b63ad4923d0
pimlico,610,2200,2810,0x0ad58324404d535e66f0fb0512259f744e5d40afdb3137d3d6c4d6e5f2f4a930
pimlico,674,2833,3507,0x6c68d45ffbd48ff18c17a41ae9224393347a69776502345484f2b94cd3e193e6
pimlico,660,3466,4126,0x4236c205d996689a20be48640a32af9c947f98207c431214fd603fd6163c4320
pimlico,841,1696,2537,0x90eb8a1ad8a3e8e4edd1a647a921a259d165619f9455dec66c9d3a2c737c447c
pimlico,842,2166,3008,0xbfbd626e7cab7f6ab207cf64c0c6b5d4ef89532fcdd89c9f9b5b25abf25bf5bd
pimlico,714,2542,3256,0x5a5b3bbeecb140e0aca4c0a70e31cdc6d58e3ab0b42ffd51c82f67eef6a4b50f
pimlico,701,2942,3643,0xde2c277df252582f9b4159f7ee04b6f3aa92c3f42d62313b35e7bc44210cf775
pimlico,636,3473,4109,0x2e24e6bdaa64ed27475bdfa73cc892afe14deada21c6e3af41df62b98c169d4b
pimlico,665,2011,2676,0x773fbf8ac029e500c96ef0fb69bcd38f5107f07b8a485e371836644ec64006c1
pimlico,753,2503,3256,0x20131a52aee2e7877216a3fa6a86d0d937f4d6d1d39048d7e703e7de0c10d390
pimlico,860,2717,3577,0x2efe03e5224351d35e021e121d1f2696d2b5b4ce6f54d0c4c90c974369462f9e
pimlico,718,3239,3957,0x498a9615948c19025f49ade9b468bbc42ca003320b0c99185343ce7d4d4d3a91
pimlico,800,3545,4345,0xcbbfe7943ccc81c4b40052740da3cc68e8028a2da0492d6e055facb551023c1f