Bundler,Submission Latency (ms),On-Chain Latency (ms),Total Latency (ms),Tx Hash
biconomy,906,1679,2585,0x98423203874e9a61b5f38de77014e2cd3711de5fcea287d8f28d7be9f9253af6
biconomy,616,2143,2759,0x3c9e3477e07da0173168c6dea305c0dfefbb8d1b3fca263f94847a9b343c967d
biconomy,544,6405,6949,0x26ade18590310a3aece1ec9ab2bbf65396731047e0230f936b8236c4b4799dd2
biconomy,572,2574,3146,0xdc051c01a5c01d5633a9a85b5350bbbb07e33df12560af14fc7cec531346608b
biconomy,483,960,1443,0xd77e7ec625991cb0f262f344d7fbcdc1690361442e4cbfd4459bb5c77b9430a8
biconomy,674,1313,1987,0x1efb7a5e48bd98639f4bff38926e9e8ecb0211cc34dda6300ddc63c312dd51e1
biconomy,697,1476,2173,0xc8d9eca13665a518abac4bec676b5eaa04f6ad54c32ec9fb3fa355b22207f986
biconomy,599,1982,2581,0x0f66014d5dceb74fdb9ef1a5ffd2a83bbad4c5d2560ad0ab969b5633a39da5f3
biconomy,581,2529,3110,0xe7fe6f7e859ee464b2e03e16e91157e897d4f4f1308c4d5d6f9acef28d34c11d
biconomy,582,2813,3395,0xe83c292c26adc9d1b26ba57703fff10e524af487c8c0b863b9ecae0ea961710a
biconomy,576,968,1544,0xcafab73457fb45852823eda6c8d40e83ec653cc75258faf09ab81ef3e4ff961c
biconomy,648,1430,2078,0xe588ae476336d5c8e610ad37faf6735046e0a88a801e63dab94dc3c3600c93b6
biconomy,494,2009,2503,0xa90c8d6f5cbd087031176eda5ecf86af0396f5c20a0d81af6de93170275f104d
biconomy,587,2472,3059,0xbeeff57ed7066117bac2831d4786390754712fb7c9dc1e8aae826ee765927d78
biconomy,714,634,1348,0x7070f15f3f69b0a4b3608b5c146dd833e499214bdfa0a941eaa631ad1abb6146
biconomy,676,902,1578,0xe2a8fb5052ca4be3d482516302e29986d6e317ad4062158ab100d0b8fffdccfe
biconomy,586,1354,1940,0x3f80aba9c7a4089333619e45ad5cf372cdced94f86958e7931b2d38c96fb3302
biconomy,595,1737,2332,0x0cd76024292f538a041ae9dc24990231223cc4a7422a73752a1a031e24ed3072
biconomy,559,2416,2975,0xa06f92cb68336586d0e742ba42c10463b047de330fb077df306836074d541d9c
biconomy,1914,1479,3393,0x6a9178f83bc53faf53a6761f2129810b86caaf34f183a88674e26ff2ec1ee84f
biconomy,671,1724,2395,0x134194b879e273a4a77ffa92299f07c399afb95d953f1986075dcc7e88926492
biconomy,582,2195,2777,0xb79df0bffef9bea76006ccb19aeb42377eacb96b4751084db4ee09cf45c20294
biconomy,681,2665,3346,0x7d0b0ff2f3f5dc5fe2bbf4cd9e3a52c8b311277e5513cfd054a8a41dd134b4b7
biconomy,695,2732,3427,0x738973259700ea47254b90df987a42ae478f5f7aa9eea9597de485332c5f7448
biconomy,581,903,1484,0x0461b48595d25b4ddff6896fd50adc2680d37e68bc469fbee12cbadddd91641d
biconomy,514,1503,2017,0xd7d316632fd9b28efd067f2b17ebfaf2d2057c2a0ae9b808126f03aac57b1c04
biconomy,644,1827,2471,0x6ae3b69506db1eb466e11486e6dffb7200b1a179421aff9937e630076f59faaf
biconomy,625,2210,2835,0x65697d6bdd216eec6070f7f316bc085ef68a9577bf91b81e35f3b6722699b2e5
biconomy,1403,1657,3060,0xd24db2a78572d21ba196871f30d1273240d912379b443dc802441c717f6b9391
biconomy,586,1918,2504,0x38eec0b53d1a304728bd5270771c1f84baada0bdffe54738e00b8498a7991261
biconomy,680,2289,2969,0x4434edd72f1f75a3ff83c7c5f77711e1e045a1a42ea0e46bb2c331b2b3d97135
biconomy,557,2185,2742,0x3bccb0a332d250c5eb0bf919562b13f6de29461c831eb3ac6b09357dec73c513
biconomy,638,725,1363,0xf4c48eabcaa8dc9abfd0621d7a174359849780a1e7d32a940a9430f43312f5b1
biconomy,610,1095,1705,0x11c67ff4e94bcaa887bf014c00a541e56a4a6d266a3fdc139cbb6444cf662562
biconomy,645,1479,2124,0x6ca1dedd062d17f1ed68239db20ef5654ddce8967c40ca7b200dffa199e4fb89
biconomy,594,1827,2421,0xc72ddedd62645db042a92b5279582350840d6be77f41f0dc3dd19a09c363d5b8
biconomy,542,1324,1866,0x86a4d9934741afe2b1380fccf784f187a2c8aa6a731bb8fe4e2f0876c4196116
biconomy,611,1773,2384,0xaf5e3eba7dcaa2b44209e728cf88d414b162ad9bd741faa32d6dafbaa61e46a2
biconomy,556,2347,2903,0xf325d0202b02670069b8c3a80db34e3f4fa0b48fd2790d24c649b2ab480f1d1f
biconomy,722,1867,2589,0xeb43ffd5ef8dd2c048bd9f938b28ba12a3a9ab8c6e5b5e3c119ddf6723c867f8
biconomy,691,1758,2449,0x25ace6930b755b1ba63fe033324ddf1563ec7f6872570ac4267069c0fecb88ef
biconomy,496,2217,2713,0xa55e9209b03f9cfebc399659b484c0ef71458ea8b73edf5d501f76d959690cd2
biconomy,704,2223,2927,0x0e2f0ba952ebd5c85232da9a95f6130a17dd71d49477472ca5be6c65ef3f24b2
biconomy,533,2607,3140,0xa6e9db314003fb9dc5aa2081148549cec53e399e56718f3effa12bf401c506b7
biconomy,545,1045,1590,0xd2bd5c8da917226ac52bb9df456efb139452bb7f6caf6150a3bb9f5fa3f1e35c
biconomy,587,3631,4218,0xe33383900fbf60d83dddbf6314255e2b5f83b1050d84cadc678645961fc08eeb
biconomy,557,1351,1908,0x459869fe38ae1f3206bbcde521005d1ec47d7439abfef17bce55fc62bee1d489
biconomy,585,1145,1730,0x889b57bd5e54dd47c6ad5a6c27913f711b226277293a7a5383e15b2b59ccc16d
biconomy,557,1669,2226,0x358383a5c780456db81aa40ff44efcea6fd1f1de2c05c4a28ffcdb8de744b41c
biconomy,608,2085,2693,0x5250133dd5fa560189ecc12a58ada8a1604c5169c64244319f58bcad933fc800
biconomy,590,564,1154,0x75ec41158a716e03156d9aaea25cf47c306e00d906fa5fd0288bcb8e874360b5
biconomy,664,2928,3592,0x947f0303537ee7efeb49b731957355b4f9d959cde6bca2d8dd0a167b68a7e4f1
biconomy,589,3264,3853,0x9d8c73a58f23bbf485d921ceec2d3de1f5c3785b1102298bbcac4ffa786d4deb
biconomy,605,1653,2258,0x46fb4bd6d7febc2654a55561d284b0b2b1c560b07b051164b47cbbebcddb722e
biconomy,612,1740,2352,0x7d3fd33ae9786b045aa440268041c8dbe14d453486231ae042fb33baec79833f
biconomy,503,2378,2881,0x6953ebd37078f3dbd7fade752bbb563311c199b6032f4342d419a6f50c0a2954
biconomy,Error,Error,Error,N/A
biconomy,362,1959,2321,0x00882e48b98057fae22eaaf0577296c8c34e5ac4e3ede1f9bde927a153820808
biconomy,467,2447,2914,0x9eeda44c2bc2e7712d70835579adc8eea2d129fb47b96b596f4dba2b9157ae2f
biconomy,582,897,1479,0xadf5883df0aa07f5087b4a1e2f7fd78bc220c42fb9dae40214f356efd0289970
biconomy,886,661,1547,0x1beb191c35f1f609d90b561553f064d3321cc5bacaae52e6ffa4734189afaa05
biconomy,545,1221,1766,0x26168d9bd984f1daf2f61f8d3c9322ef29cb328ab67d22687df7baab7ab5a0d2
biconomy,641,1701,2342,0x29f02fbd128f3fb4f3db45534f8404856a69a5f022488ec92f4e555622367163
biconomy,521,2239,2760,0xecf997a1ca07d4e6deaeee5d293611add864db19246461b32bb94cd68f9da55a
biconomy,610,745,1355,0x4a4d45c2f04852f91920c07ba445e56906fd92fafb417615a5f74d6bed0eaed7
biconomy,510,1123,1633,0x3412df1a9fc2d56b8bb62714832d2004589b3152b9eb6689db5ab4a70319316d
biconomy,540,1680,2220,0x97ce95a04e64e4f6cb559ef93f9275b76f641521771b68b3f8480bf15e715903
biconomy,557,1991,2548,0x1cc33e86d2243ccd76c565a09d4700d7a79137f73e438ff6d897ca20defe4932
biconomy,580,2222,2802,0x937f10c72aec0a2fa344245bf7cf7c5e3bafb0222f135b1cc068a1acdb6d3287
biconomy,753,2592,3345,0x1030ad8d5489eff0a6c193d17fa1ad4e8af56bf55ec9f78fd28bc1f22bfbbd98
biconomy,507,1003,1510,0xba8e3d2945858d24d516ffc823e230e6367e3e57fbc3371329f788345a778b08
biconomy,732,1337,2069,0xda4e21029bd124a78234a0cb4e46dd015ab9c1ca2962ce3183ed7e47e7d8d345
biconomy,967,1398,2365,0x8dba374d465504f4341b84201a11f45ecc5c0fa0a147e90b1cc1dc152f7409f5
biconomy,613,1868,2481,0x61392f8b3ccc760ddee27c4a761e2c60ab851708366cc20fe8050440b81b72ee
biconomy,537,2470,3007,0xc49131d85f97be07b3085aabecfc36bd5243c4caa11684b358493f49dcacb9cc
biconomy,664,2829,3493,0x456a9f3da924c943738749e1180a9e9120ec3708e26cdc1447f104d30537be56
biconomy,602,1290,1892,0x87f0aa232fcadda709e754c1095255f5df4ba1c1b3533cf89e57234daf93350f
biconomy,572,1512,2084,0x300784ddfa36c7d63110eb6950c010211628e971ec93d3142ff16bea2e470c8b
biconomy,530,2193,2723,0x5306238080dabc17b0201640914fb236332b3492f4eef6388cf97e8c0e2db110
biconomy,496,2538,3034,0x38f650e666e4e29810709d79c7d4534008c1b356a9b0b153fd93b43b1b17066d
biconomy,611,2775,3386,0x9219b40ab3655b90b12c0fbd641723720c25de617f0e05a113bf8e854f71fa1a
biconomy,552,1048,1600,0x746b5d75c0c10e3ce824841d6fa6b1bfea37ffd0a529ea530f7b13b9186c6079
biconomy,562,1577,2139,0x702da060f3ac86e52a15074d47da09170d7bee653bb9e691eaebc72e003c7d0d
biconomy,578,2061,2639,0x01486651f934d6558e1f9e10d2f6939254872200734d5ab2f5aa1e494e55b3c7
biconomy,498,2695,3193,0x9a4b62b7c7fe07a8f73c62de2dd7ac776c76786d0c432a7252d34eb4d3a17703
biconomy,633,1023,1656,0x97947f66126fbcf2928e23e537e3c8ed7818de0fc0b5a755f41eb58ec47bf175
biconomy,580,1619,2199,0x5c9b1166a4d2022a029a1746def253cd672f16ffb38e27ca4918204d9d418c5f
biconomy,660,1685,2345,0xac36b09e9bf5f778be7b3b32897830f6d890ae8c19e3cb33dbd0a96029ce146f
biconomy,542,1987,2529,0x3901511c9c4e8b8ba84ddab2eeaade5ebdcdf5d3763636ef2422492a567c55a7
biconomy,500,2508,3008,0x96df25d119c87f5ff91dc8be97df3ac62bd8031f5595ea37282c0b06db00964d
biconomy,572,1001,1573,0xd9406bab4cd663770e79d22e4974bd1b905250758f5a5bdaa6bb3b0c44c550d0
biconomy,495,1384,1879,0x6ad93ff07e321e3c97a2f2f9465b731fd42d766627d22ececb34aba96fcede33
biconomy,593,1702,2295,0xf63e1931c00087cddaf0dc11d48066410cca80827a40b01affd7534b536da62f
biconomy,630,2101,2731,0x6cfcdb2fa4882189e8da7d97c685df8a70d5d9261392c22bda32ed276b62c424
biconomy,614,2679,3293,0xe2540561ce972305ddc5a6ed4ce9159121f0f5c0732ae2a6d8d8aab28f52db79
biconomy,589,1053,1642,0xbb638ccf4a249d3c7cae7f930704f41177a72002dbf4bfbf51da8efdcb8b53e4
biconomy,647,1420,2067,0xd99578d11ee21054ec939a9fe1a7309bd63029305f38ad74055d06e0a98c93e1
biconomy,742,1687,2429,0x58a5b61641eea941bdd89442a46a594565768aef9cbb9279af7eb8c9c229a691
biconomy,586,2259,2845,0xc1b7bc83c205f76d9d079efb9b41913647c5cd2fe980d864bf16ce7dd8923dfa
biconomy,655,2634,3289,0x924e647a3c8ef83898b341499ee38b3f374c211b09d45fc4bb4476eabd081dde
alchemy,371,1203,1574,0x0a38839ea59b04af9895d5127e9132b80968b3c54b40016671342f13490c4620
alchemy,383,3396,3779,0xe97e66d8d35b72589c19be799f7cda19c00cf864e0df8f153d926760b48dee6d
alchemy,391,1568,1959,0xc133bf34bce3376f7797227d16a6e698d6bf913479d99c52d0d0d4fa99c5b6bd
alchemy,367,3727,4094,0xb2219fb823bc1cda41af35795c9b420df543de12b1363dd1a406b4cb133c3e0d
alchemy,340,3833,4173,0x1aa3474c111a826b11a6da2093a0440222f8cd3f365e0e36f23c5e1634d07322
alchemy,509,3531,4040,0xd080fd8589c3f326dd451456ce92e4debc63704e186e4b7dca9fed25bf71dfb9
alchemy,357,1840,2197,0x87d2739201387eba18573bbf452db613ee7f341aafc50dbffadf79fab81a37fb
alchemy,354,4346,4700,0x16b650aed51896643bdc6cc28af14bffd0af8ec173d9f1a0bb0a81e631b42afc
alchemy,481,4471,4952,0xdccc31d742913a350972e690011386a7bb238087407618e70512bfb0b1c1cab1
alchemy,405,4398,4803,0x0da9752cfb1503ecb7e2e27e34249006a3af07336bd2640a359804547320e1cb
alchemy,433,4030,4463,0x880cf9c85838b86bbe3439cd33c84256e63d0b28ada231b9a4b5e9bff58dc38a
alchemy,516,2056,2572,0xe8fdb1b11f455240256d0565d8948296cfdc3ea751f6503e21be545390095b06
alchemy,405,4287,4692,0x150b4a013f61ecf3aa8263cdf9b13a27726648387ee3265f1c860e522710a531
alchemy,445,1905,2350,0x0bca5d8a2310c53202208b32425f903385fabc42b03a6d9d876d7893b5e9fad0
alchemy,362,4108,4470,0xce1d440971fabaf0bd106756210281411791ed243e3d23efd79997cd52f9e4a9
alchemy,405,2278,2683,0x12eaf35d8cd9fda1980b4a5769c019eddbf07db0fd10da2192f747b420950734
alchemy,325,2608,2933,0x376563e9ec2a58e2240c430b0caac9b2655188b6a6a814481bc80803e5b64848
alchemy,408,2813,3221,0x02eda730b93ccc101c8f02434355e1a5fd3f0474097b1eb439bcca519f38d965
alchemy,408,3284,3692,0xa6268c043865a334123b80c54319c2353982f5ef3274e5688bcb9cac3a73341c
alchemy,351,3455,3806,0xf3a4e858f52ca54f35e59ef55076e2ee96b4d13d01b9ad04b17919fc94dfd614
alchemy,405,3420,3825,0x307622111656894a72634bd18ed6fce83cc9b1d451213b254232b8fc69843456
alchemy,285,1504,1789,0xe6f8e8ae009c069b84430efa1fa2754f70dca0ba6a48404977ba4863756c7780
alchemy,437,3955,4392,0x647388dd4e72ba24d95a5188a98513cf834fbad5fc0051b0851f6d85e186bac8
alchemy,406,1822,2228,0x68f65caf38650f729504a4f3460d6efe94922b3c758b8e37986932d39c36a710
alchemy,352,4086,4438,0x9f1a26b34ac55449f64209ea026c12cba0a6439efd9e0472066db56bf31bfc6a
alchemy,293,3801,4094,0xcd613326d336b7ca4fb8dbd5e41f60d89e62850977830594a54051bee75f5b6a
alchemy,517,1956,2473,0x788155be032b186f90ede65f48e3f25197fcdce85495e5c55bf0c372f0c2c406
alchemy,407,4282,4689,0x7a8834e7933b700609eb1145a6e3d9b2fb5e38a9978157d1ea723516331b486e
alchemy,507,2246,2753,0xd34139c35abddfe3c8056f79831bbdbf2172ad24ff2e48fae3ca8f2263a7e243
alchemy,477,4716,5193,0x5de5076cd9e64e19f628c63c4eacec64866c78b2dc0b2e34acdaa13080e2de7c
alchemy,537,4581,5118,0xd0dc783ae1fde04d70c0ac0bf629a02b76e325c18ad055d4bfbc44b5cec0b4a9
alchemy,330,4716,5046,0x6cd5a0d5fa884b43297502c3bf1d45eefb9913ff0502578419e542f64fc3c983
alchemy,409,4814,5223,0x29867276ba561ef7b69090de0ac9d5c4f60d219afa426e7062cab1f8e2dae519
alchemy,310,3160,3470,0x94ed45c30ccbcfd28ff70ae2166cc3b1503d68bc87d83106453c5ce71e75bb78
alchemy,390,3576,3966,0x4a4762a453612b9bec4a975da157600e882e6f791f82b19028622545488c1cd9
alchemy,407,3625,4032,0x7b7d07c5107d8a5544ac65d9a33fd39c079e58800e47267def882cf762ae898e
alchemy,439,1896,2335,0xeb1eda1062dd4d6a91354a149afa67c837caa3e99288821ddcf2ff990672d6d9
alchemy,342,4273,4615,0x20244aec051692be821710cc080827b905d1d88a156d5ca38f77d8e225405ccb
alchemy,435,2329,2764,0x7630a935f153dce8ddc5ac384110227205077c19a0e9e959fef54b031daf3121
alchemy,417,4271,4688,0x507b6fd99ab1a3fee5e92ee893258024b7f86c742a6443fb47af2038e3d93cd3
alchemy,345,4313,4658,0xad37c6780b72ade9e00f96a6cf5fa9cef1e50f577f15e962ab47e8b0304b029a
alchemy,358,4474,4832,0x1c0864722be530b1f416b2dad8cc577edf5ef203382c4a77144512c54f759b58
alchemy,412,2490,2902,0x7546d80def72c1044b7dfc59121def60936eb33d395bb64172b59c07f42f4061
alchemy,409,962,1371,0xf5e6b1776e10301e4461450dbcb53ca27e61d4b4a956468aa040fcfffd5f6ce5
alchemy,397,1399,1796,0x87e240fe07493223bf091c19d9b0c51e6138428d4b9f2a9b800c80eb6073559d
alchemy,307,1858,2165,0xd535adbc71deb208f9c36f6f86927612ed64c4f99742315fac4265472f7af1f3
alchemy,406,4066,4472,0x0f425daf1d2c108a9fcf2f0aea092df60537084e5d7f669670c24b19a90569c1
alchemy,407,6238,6645,0x6755f33b3005949dbe32565c8d053dd665f4426159552f6bfae52fc194b152c9
alchemy,404,4305,4709,0x464cd49e549a2dbaeeb1f8668195d5934b820089c913d311694016676f190a2d
alchemy,409,2370,2779,0x9d677fdb2b0b9286e6fd30d0547c58793672fa24660fc0d91329b5d81e09900e
alchemy,528,4736,5264,0x666b313b65319d890dce3461f781ff78f958344b84c7d7686e657fb445dab656
alchemy,401,2911,3312,0x57c83ba4ca5e957c5b9951b4264091e98483cfe200ec1d1d67bce07fb3da3a13
alchemy,410,3180,3590,0x8895886aebdef02805ef2950d20a5cff0e3842e3c1b3e155f94dbc4170cfa056
alchemy,352,3302,3654,0xdb32998e2fe9fb41719b531308f9e8524f17a352ae63ecb377664a095a37fb3c
alchemy,407,3000,3407,0x9254d647e6eed8e525307e4516b4ddd5f333f3e039b6b22bae303042537e0e27
alchemy,406,1069,1475,0x2e7358502ab538312dc58916920046c48903ce451e2f0814433403b89fea2e4b
alchemy,283,5664,5947,0x9d1798fb1e1341813a1331f184cb343a8029d0c4a1c8c0abaae8bbd7c3e973ad
alchemy,402,1609,2011,0x56bdaeea328d22335e6a0a8e2f80f5c594743fd40c40d0a6ecbe05dcb925e9ec
alchemy,444,2073,2517,0x403e1f1992a7905a900e28ad287da0fa4f97d88c5033e2a88a7fd246fa92944f
alchemy,295,4558,4853,0x6697fc55bb556d2315acfc8863fc2941c7952469f9aa3f66968b877a045fbe6f
alchemy,406,2818,3224,0x8e170959417b0bc40a5cf15497f05209be05691446809bb960c7725b959c2b95
alchemy,404,2887,3291,0xb0c533b87ac9662fe504e85badd4b8b245bcdcc275e2e0d5c14338f503346a6d
alchemy,451,1253,1704,0x64d8a896778e7b3698c2dce2376f788a0adebf8b0b7d8278aeeaff7324f2ee46
alchemy,377,1724,2101,0x4fbf8b96a89abf3864aa67474e361e715805fca7d18dae927c1207e9ebc1f220
alchemy,456,1992,2448,0x3c859cda3537646760b53e513943a97692660edc6e37a9d5f8c96905d29f39f7
alchemy,428,2462,2890,0x15fa1c63b158ab73d74255ef71437d7634143fc2337c6a245a64c82cfbcc0546
alchemy,475,6697,7172,0xb6d30000ef6e599b9aa95cd2454aae7eb0f637767b275f9240960c1c447cb688
alchemy,406,2795,3201,0x794f29f9434c3dbac321af803ca8c4a30876fd8bced24271f5d9edc5affd3ef4
alchemy,406,2862,3268,0x442f23d6a95551f68a62a59e760e4d79bd6855f1dde00f60beb7402408bbde1a
alchemy,307,1069,1376,0xfb6320a03d202ffe81c92937baf4a637cf909450d08fe4dd0040e286aac01649
alchemy,322,1474,1796,0x68c0e20330532dd7a070049fc1c001f0b9ec42bb0533e4e12d5e6421b45a1bfd
alchemy,342,3998,4340,0x87b41bc43e32e2f414dff6229838bc8480bb70dcdbd7996ea39e48d7a63a8fce
alchemy,308,2440,2748,0x9b3e19f62845ff6897ee269b47e21defcea1df22ea18ad759d7e60aa72fa05de
alchemy,329,3056,3385,0x9656b46961cd75ec08a16c711d837ce06372d0d7bc52558a973fba3fc2f2e06a
alchemy,371,2412,2783,0x7a57a0b8005a36dc9cc22345ceca49f8df64ee567b506f93ffb991fbdf08c84c
alchemy,407,2420,2827,0xf24cc578b07776e721e6192d83961d4ef640ad0bdf69d0bafd5bad010ca0a0de
alchemy,547,2790,3337,0xf98b5c92345243240f42ed9ef6ce853b7b7541d4b26f8610fe1a9f4de8eaea3d
alchemy,347,3295,3642,0x53326a23ea543186b701e38a02365e5c13dec20c9a7d7ab40ddca6168d93fdaa
alchemy,475,3326,3801,0xbf961b22c7472fa8d7744c47d82ca69b04501a75dd83654f6420385a1eb327ba
alchemy,363,3701,4064,0x0026415ee09fcfffacca4e2148cff4f6e8630c3f0a7d714f10f91f0e7fe55ade
alchemy,320,1904,2224,0x6dbc720596f4f24d9b7dc86a79919ff39a51ea531faf39c5f0094023e905364a
alchemy,312,4470,4782,0x666e714b1ef5a3ab21ec752740661c003160836d2851762ade1dbba990cc4929
alchemy,509,6614,7123,0x7f2d5021f9607d8ad68a1acc42d930fb41d02c0b144cffc60e4ad0005c3635aa
alchemy,374,616,990,0x55cfa1e75cb356c538820c14360cfa74b01e18975c777e01166c1230e3268d6f
alchemy,352,983,1335,0x391d158a0dcca9cd9bed28d6f67c1ed24b4b518adb3f25be906ccb553a827db9
alchemy,356,1504,1860,0x9b90933daa4f72ec538a1babccf91e832237dd8a79f8d02f38978ea335d96f37
alchemy,359,4049,4408,0xd8958a4b7a6fa08a6ab7b9e4cf94ae66fd952f89a6053c34ec95d725751e41fe
alchemy,494,2269,2763,0x11edb55fab0fb5a2ee922be347f21ee879e7516499576d9fd92d030bd59a170f
alchemy,313,2792,3105,0x80d34de6d8ae6d4f299792f5655dbded569abcfa7d6c0b0cf323a3d1c862ea29
alchemy,334,1414,1748,0x327e3ee30bd12075e75c4d67ed09dc90844fe5fd1a375814908921bf1fe2c6a2
alchemy,444,5747,6191,0x17b5079d959c9e3b3252ed7afa09ee397952821bfad7dec01e6ba6b52b31524f
alchemy,343,2055,2398,0x6312272e5102ee2d41ff301e9d454f91d6a59bff37e0fe94c38bc78efbafc880
alchemy,336,2343,2679,0x4f1cb2cf1320f99afbcb9f22cbaab966f3f8505f0e74b8f5283d47f19546d3ef
alchemy,307,2784,3091,0x16bff68a217b2d301be03e43b2a80dc9e867d82d96ad5bfdb90a2a68e074e6bf
alchemy,297,3064,3361,0x6633693e54395231562e23932e477d5c7f2c28082281443e144c82835739c822
alchemy,361,5226,5587,0x571be23ecb8877071516fcd7f5a07650e05aae1167ffc41bddd8d86be643d00e
alchemy,405,3293,3698,0xfaf0a650b7c8b90b931184aaca9f55b6d21071360b555fa9cd71b673fe140e50
alchemy,359,1361,1720,0xf993a2a9dbe9be963e6cd080a210fbe3bced098cd401c9570999438949083edd
alchemy,301,3855,4156,0xce25b28d92a6e8f66c41882ab36f07393dd1fd4d596fb5a37e4d309bb51de519
alchemy,569,2002,2571,0x56e38563e524ed624ffa4bb34603b5d62786fd33108daef4d4350bb27e8b5772
pimlico,160,2714,2874,0xeefe3eccbb0118009492d8c94593c221d6d322e34629208e29de8182b5766f1c
pimlico,162,1510,1672,0x2db2e9195cb6ef2c8775a776623845199932e1c8cdada6fc78d89b681e01d8e1
pimlico,196,2227,2423,0x3ae577f7696310a7c266bb0f3f62ee2419ccc7b8548da06e150edfe96e2957ca
pimlico,149,3013,3162,0x9e545f2bb89ce9e1f1375b677a93a62a53aba12d70c1e3085759f6544895817d
pimlico,167,3731,3898,0x82b1f3adf86601d6cbee45993791a77d52692b840a7e8a6fcb95cacb02f7b325
pimlico,188,2271,2459,0xe2748820d987bdde60cc024f4eb7c985bcb0ac6db31e7b4e6b648f6c91293c2d
pimlico,151,2868,3019,0x9075478c7a5fa1c867e88442892cf010a56184c84ff7d141fbda4a2b44d3a9d0
pimlico,155,3653,3808,0x093d1a7b92e57f5bcc3a122d46c51aa0b516e8689e963f542bd90cb1b3e0e8f4
pimlico,148,2220,2368,0xcb307f25cab6c32f4e55a8429f12e46f9559b0338bd94345e974011d6279f224
pimlico,146,2951,3097,0x08a97ce96308369d44cde5c9ca9396c616639f8df06f856b00f280169e78f3fb
pimlico,156,1551,1707,0x8bf1b9ed78c1fd888a84c233d0a03da5ffe14640d414e3b1f0eeecbc9c06fd04
pimlico,183,2313,2496,0xb29a458ca078598e3b299b119f3d6898dc506b800b211e6bfdd33e42ca8716ac
pimlico,178,3065,3243,0xea928fcb62f67d76be06e1872c2bc21919d3dcf4090c90adaac1be3d57b89a40
pimlico,165,3836,4001,0xe28a6d6208450f849541a586c352cf98084f69970a4bb3b4f7c562aaca7e0b99
pimlico,156,2557,2713,0xdf5632d626d0b0b42a372da69172f1af5c0d9c9de511598176f77198797d1ea3
pimlico,174,3362,3536,0xdac98a82a2ef47feec2d2a68b55ca1110eac2595742ad87f70b9f0382e6cafbf
pimlico,147,1709,1856,0x3edf61b424005832d55b7abe740fcace9ceac6cce395dba9527156e9967bc646
pimlico,184,2289,2473,0x02f8d3824ed78a0fd2e204b4940ff8d5a674544a9faa93a186265543fd501c42
pimlico,157,3179,3336,0x1e84a56aee2ee6cbb9136309bbd2694f3d1035ebb3de09bca4ac50dbc095422f
pimlico,185,1875,2060,0xab0ef93e3cb027dcff00621feca10d415cfe6bb82e260094a5df938efc1a76b5
pimlico,178,2638,2816,0x6c00eff927480f329c939b30746f44603195e505f930a206a223812070359efb
pimlico,147,1345,1492,0x929d77b86ad79a4cc4bf95ef45a3e2877ed6f1dc4b178ff6f0c398f80f7478be
pimlico,167,1920,2087,0xcc341f4f5f369f5bd41b2776615a7c601931bd35a28762b98a4348dd78932602
pimlico,177,2603,2780,0xc8da7b21735563a6f597c14f952589ad58adb51013ccf6f1cb3c1f02125e4f5b
pimlico,150,3282,3432,0x63a28b465461b00f643f1246e9b40d37e03f5c2d67807281a1e646a4dd12b2cf
pimlico,182,2037,2219,0xcf40f055aaadd46ae4f0863c30cf19c8c9f8bf379bd090849e232a2632fb4e06
pimlico,178,2561,2739,0x775f66a7d86da31fbc03c8054f170fddcf8325d4659025e40b06e4c658812fb7
pimlico,167,3307,3474,0xff3d2810cc0e60cc34556d4aca42e33f0762dfadb2e904444da9e636f1f23ca6
pimlico,175,1782,1957,0x1dc657a343a0205c3d36afc7c0f4083f694e09fba527312e24dc17aebccba364
pimlico,163,2535,2698,0xdfdc82fb8011a87b06a8e30dfc09adf2f80fd7e3128c0d8ed50c09ba4daa4b24
pimlico,155,3271,3426,0x84db8046f7067ba049c84d273dae4e656a909322453a2ee2c716fa2162390931
pimlico,157,2021,2178,0x19f862d931dbed09e07cf1cfb209b248c005c84d655825bd715e1867055c61ec
pimlico,168,2679,2847,0x477205ea5d3aa19739277f88364199f4d543b243dc013652faa17a1ca30ba013
pimlico,153,3347,3500,0x52915274a681c6e03cad4c0a3c586c678b8658a8d3bb62586f0c101d218bfc4e
pimlico,158,1996,2154,0x7b22d86adb4c15a811fdea614ad7477f54d0c70b1c535e77881e3100c1b65b7a
pimlico,145,2655,2800,0xb88f365b8db54781e5b043a9b5b1dd1ba5b182cd965f3f9fffaa5b79df7f0f85
pimlico,162,3439,3601,0xa90e73e0b67173b0dccd2fda41e2bea1d3e326d015e38a566160544861c1a803
pimlico,149,2106,2255,0xa4a29027edc12bb465be4011b314b00aa9115a590d025ced4e8735e649e9a26e
pimlico,166,2927,3093,0x283785771479ec5f579c91db41efe71cfd45f416f3e4f7133e9b117bf8bbbb7c
pimlico,161,3600,3761,0xbee7603a1651ec17491285a833047683c020204877451d2036c88da662352d38
pimlico,168,3994,4162,0xa119391a3e55c9271a2b6a91ec023f439eb60385e116042d7e874536b78d02c4
pimlico,158,2579,2737,0x4690a01b4cab1baf27d51b4ffc5b2718819372ec592225b42e1a80426c886cf4
pimlico,151,3185,3336,0x272ae1f9ab68bd110e4913f60e33797bfd57b75bbe2692a3cee61aeadb9d3faf
pimlico,144,1904,2048,0x9bce6a46be56fea7017e505442a399b52ece69c4ed13557a25e7ad4d183dae87
pimlico,149,2487,2636,0x2ee067322dc9f84e08a0bfab2c83aa34f55631278abc8cebedc5eb0b5819cb19
pimlico,Error,Error,Error,N/A
pimlico,158,1959,2117,0x50be7eaf1131a30d76c27a495a8536a0341144b0d476a066b337301ff825d0eb
pimlico,170,2731,2901,0xf687243fb982193df636564a68e440395dc469cdc1fd92eea63ea2e55f318c77
pimlico,161,3421,3582,0x948a7946939ee27edc66012c7e4e02415f5558f6dc4dafe05afb122333919d93
pimlico,148,2136,2284,0x7f1dae9251d1649b2fd47fc02628c81b6b0a76a28c77642db8c88335975d66f9
pimlico,596,2264,2860,0x4fb0021880744dc6353568f3bd805b0d0e12136a7308b1a24765735f604fbc67
pimlico,141,2887,3028,0xe7ef7cb67956801d2de9a838ba47ea907339b41c7d4a7e459f7c9b8d6311295a
pimlico,173,3523,3696,0x2e764014eab74915a50ade76338d161423d97de57c62f0851c016501f752c6ea
pimlico,169,1949,2118,0x60e2c59fcc1ae333ea90cd40def45541a7acd23407355136c93c96886e59377c
pimlico,180,2585,2765,0x1f0d2f2b098cc67fd88a2fee1e1566b27d8d956f4931aaab3e7ef2eec4ac8f12
pimlico,168,3187,3355,0xaed44658a9eccc68a5db7bb7565d1d0f2d5676f534a5552de8016b3be7d94a86
pimlico,191,3623,3814,0x33e4bebad1c633054ff9ce93c294b8af5c830539b85f854fa24930c93811eb81
pimlico,166,3913,4079,0x5a8cae09ec18c6dd4226dfc258be16d18ee72ce7ad00e55d307835ed6563d17d
pimlico,150,2491,2641,0x773c8f453d03bf9ca0b9d1e1daadecd424c070650c88046fbf990fb6527ef9c6
pimlico,150,3346,3496,0x5772ebd0652cc1b472073178322bb3a9514657b44c3244fccbd596c8f7ddd745
pimlico,152,2058,2210,0x1d86c07d55712f99136e8e32236edcc4a43b9618be9309fcae04710f0de12f09
pimlico,155,2700,2855,0x7c2c955c546838c88f1cff467f0c286b00a93248ab4875f847e755552c9716ca
pimlico,177,1389,1566,0x0b6bf26431f2a8b26b83706a3b0c6ba90cae097bb4e08b994ebe654eb754f9e7
pimlico,163,2210,2373,0x95317bd5fc7ec221fbf72e46c587035da810e3a8f4344aa5cb5b1d1c1cb000a6
pimlico,152,3071,3223,0x8a691996a3e60146b723c387bfc5010245d78e1806ceca33bc141f1d7f2c6229
pimlico,157,3560,3717,0xb23b21a8186193373486e21a5c44a4cf70335551369f5e17970d87d7cfc27057
pimlico,181,3843,4024,0xecff2c9ac765dbb831d946e38e032968496eaaed234573a73d9722a5645c870a
pimlico,151,2157,2308,0x601961089fe71c8a263ef1b3f9f9157cb96f32ae711ff281680f255c1f337647
pimlico,165,2895,3060,0xb337f4b01be19afb892584daf087953dfc6274ac6cd7e3e79efef5cd1116f750
pimlico,170,3279,3449,0xe742c62e5eea6714c124bad85d32864294debbfef72a5cc640de0b57100bcdf1
pimlico,151,1976,2127,0x976d4c5335cc4e6f245124fefc7d5f5f1b74375f155f3dcc2922d3c2082ecc07
pimlico,149,2802,2951,0xd1dbaf28c93ea471c9efbb6eedf3f6769194794aa9a9273b66dc9a0a0d7704dc
pimlico,158,1584,1742,0xe62d9e7edba9737266f5759b81d3920d8f7d50d00199a25509e83846a1b7b3ef
pimlico,147,2335,2482,0xb87c0e24109c786197d0d1a659ced147b61ba3c762c34341b4c70b8e53b07c77
pimlico,189,3007,3196,0x6231b92c5f3e75a6044996221ce6bbdb0d902adf11ec02082dc89139c67056d4
pimlico,148,1820,1968,0x6f4b65d86257e6674af4f8d0070a2f0fe61f223394eb65b3b106590daa50c135
pimlico,174,2617,2791,0xb7a8b03d4bb1662791ad3fb579c57f4e54ee85287e26a6d915e84cdd1670c8f9
pimlico,161,3139,3300,0x2154a77b538a231a23e73a4b5ef37b61e16b88601213647979d6ee311311db01
pimlico,160,1694,1854,0x0d25ec7d8fa2825a763520e0976aaeea30c5ec3996c47883f739620b9edfae03
pimlico,151,2512,2663,0x437663383648fee3681daacb3137d531098d1a024a71f2d873b8aa3cc65484b3
pimlico,190,1237,1427,0xe3841d7a78b6008e1c5e5839c6e4c5e3eea973ba49b52e2798f823e7796d6720
pimlico,150,2152,2302,0xaa1ee9c1dfa93ce11241c4ed7a3501e325ff4c8cf04e65b9832c9ca34aff87e8
pimlico,183,2853,3036,0x2967edd258ff8142760bfb03ef4cf775be9c4921759e5faefa016ea6b3a37f3f
pimlico,158,1517,1675,0x74996a76444546f2f87b423a4cf6174bb7ea989c0620a5612c4fb77c395eb9e3
pimlico,181,3748,3929,0x636b4eb8012494fd3bdbcdcab2a200d26abeefdfc5b33ee7590251350a2b4e9f
pimlico,153,2335,2488,0x4cae66642a92ad6371e14a2c91653b5001d59b66cdc0034c77f1080ca08ecbfa
pimlico,157,3001,3158,0x0e594535b39e40ababb65d1edab7cf055b9d4a2ca5a1a10a92dfeadd80341e25
pimlico,158,1591,1749,0x681511338db1dc50786e01cb4d4b61abd521acf999b00639d6d114ef1fc8b5f7
pimlico,169,2231,2400,0xd909013669924ac0ab49679b8f3502bd2e76287f3987310fd00c841101e3093e
pimlico,164,2998,3162,0x24333d6605b1e91accc14cb654ac409c696a7535dfcbea661ec49892ea12056a
pimlico,158,3643,3801,0xe6233d8cf14db37976b0a7d9dad7f7dc3431f93338eb83465592fa4fc863742e
pimlico,167,2113,2280,0x7253d05a032a2f91fed6f38ff6dd0dc20b02f326323a04b5020c3536b0855062
pimlico,166,2874,3040,0x76490d48a26fedf788df53dc8deda1669633ff001683e8c27e60b1455e9c2c12
pimlico,148,3464,3612,0xd2b28b98d79d7ef322271a187c389869e36a55a5c9fd1b78585ff39039ed935d
pimlico,163,2171,2334,0x6df69403b4e49e43b83927fd10828a157e6df7e34e343c353e5b8e72cf9fa821
pimlico,151,3075,3226,0x1cda6c8d18b596ba88a6814bf8208f893c66d137fffd3dc4f31b899da5423826
pimlico,162,1767,1929,0x1d0fd4b96102ded8dd0e90ef706969d50a702f686707d0e7ec3522416e495a74
pimlico,162,2451,2613,0x730394cff1b901fd801c1a3d51dafc8a574ce69434c72310ac0753167ca3f333
pimlico,150,2963,3113,0x6f6e49ca1aba03e12ea32c288fb3d40b68e1aeee29a905184c69d717cf95aaf4
pimlico,161,1518,1679,0xe974bb2b19b46d3e77d889e17a9e7331057107c08c37b5c68009c18fd8f0f319